########## GIT UPDATE ##########
Running optimization for the chapter in Shivesh's book

########## INFORMATION ABOUT THE MECHANISM AND ITS OPTIMIZING ELEMENTS ##########
The type of mechanism optimised is 2UPS_1U for Otological surgery
The dimension of the optimisation is 13, the number of starts are 10
The number of iterations if same solution is encountered is 10 
The limits are:
Limit 1 : [-5.000000e-01, 5.000000e-01]
Limit 2 : [-5.000000e-01, 5.000000e-01]
Limit 3 : [-5.000000e-01, 5.000000e-01]
Limit 4 : [-5.000000e-01, 5.000000e-01]
Limit 5 : [-5.000000e-01, 5.000000e-01]
Limit 6 : [-5.000000e-01, 5.000000e-01]
Limit 7 : [-5.000000e-01, 5.000000e-01]
Limit 8 : [-5.000000e-01, 5.000000e-01]
Limit 9 : [-5.000000e-01, 5.000000e-01]
Limit 10 : [-5.000000e-01, 5.000000e-01]
Limit 11 : [0, 0]
Limit 12 : [0, 0]
Limit 13 : [4.000000e-01, Inf]
The objective function aims to calculate design for the best Global_Conditioning_Index 
The ranges for the parameters are: 

Parameter 1 range: [0.25 to 1.50] 
Parameter 2 range: [-1.75 to 1.75] 
Parameter 3 range: [-0.10 to 0.10] 
Parameter 4 range: [0.25 to 2.00] 
Parameter 5 range: [-1.75 to 1.75] 
Parameter 6 range: [-0.50 to 0.50] 
Parameter 7 range: [0.25 to 1.50] 
Parameter 8 range: [-1.75 to 1.75] 
Parameter 9 range: [-0.10 to 0.10] 
Parameter 10 range: [0.25 to 2.00] 
Parameter 11 range: [-1.75 to 1.75] 
Parameter 12 range: [-0.50 to 0.50] 
Parameter 13 range: [1.00 to 4.00] 
The dimension of the output space is 2 
The resolution for fine search space is: [1.000000e-02, 1.000000e-01, ] 
0.408734 	-0.976578 	-0.085878 	1.196270 	0.307673 	0.024285 	0.543221 	-0.621014 	-0.076992 	1.558669 	-0.578271 	0.446923 	2.296129 	
0.371926 	-0.316288 	-0.028407 	0.722662 	-1.512551 	0.270938 	0.324340 	-0.297588 	-0.001998 	0.439616 	0.822093 	0.133170 	1.629336 	
1.446884 	-0.193836 	0.086294 	0.311092 	-0.552097 	0.190040 	0.879689 	0.572078 	0.040376 	0.883521 	1.020746 	0.039323 	1.582633 	
1.456111 	0.700584 	0.042208 	1.994930 	-1.620232 	-0.297249 	0.438971 	1.612433 	-0.081504 	0.259001 	-1.083598 	-0.059258 	1.611231 	
1.250351 	0.166028 	-0.010884 	0.313256 	-1.529026 	-0.038501 	0.865691 	1.088507 	-0.052628 	0.915172 	0.028357 	0.474049 	2.284691 	
0.427358 	-0.286156 	-0.017737 	1.665499 	-0.467152 	-0.231552 	0.406358 	-0.663902 	0.026601 	1.691390 	0.068927 	0.142374 	2.424238 	
0.294640 	-0.495764 	-0.078264 	1.372328 	-1.458624 	-0.282052 	0.713678 	-1.014650 	0.018411 	1.357532 	-0.006624 	-0.138558 	3.118702 	
0.740284 	-1.273808 	0.078762 	0.921510 	-1.249124 	-0.169065 	1.001228 	0.986174 	-0.032897 	0.784975 	0.061226 	-0.307711 	3.160141 	
0.596154 	-0.249392 	0.098008 	0.790886 	0.816095 	-0.346839 	0.275891 	-0.648887 	-0.093186 	1.792360 	-1.466384 	0.291391 	3.780767 	
0.307714 	1.372181 	-0.094998 	0.952953 	-0.803058 	-0.006640 	0.534731 	1.429394 	0.005263 	0.567259 	-1.528467 	-0.217576 	1.677059 	
0.371415 	-0.262012 	-0.040344 	1.783001 	-0.719489 	-0.037644 	0.873676 	-0.535865 	0.050535 	1.996877 	-1.297526 	-0.086246 	1.909545 	
0.293058 	1.721734 	0.007880 	1.760732 	1.520416 	0.182026 	0.300477 	-1.341301 	-0.046122 	0.921215 	0.029948 	0.170961 	1.692317 	
0.726948 	-1.360499 	-0.024864 	1.073242 	0.347863 	-0.401968 	0.465518 	-0.420469 	-0.086580 	0.735439 	1.088160 	-0.154632 	1.675370 	
1.206896 	-1.726959 	0.061863 	1.575597 	-1.220248 	0.436919 	0.967897 	-1.469025 	-0.086929 	1.717897 	0.009067 	0.380706 	2.387104 	

 NEW SIMPLEX 
1.244000 	0.191013 	0.077049 	1.820398 	0.844241 	0.105415 	1.136842 	0.378592 	0.077758 	0.484251 	-0.797384 	0.056683 	3.033015 	
0.862205 	0.073437 	0.082119 	1.631703 	-1.250786 	-0.435888 	1.333563 	-0.712546 	-0.009670 	1.179454 	0.968954 	0.461294 	3.112794 	
1.057891 	0.119777 	0.091083 	1.748959 	-1.124659 	0.272418 	0.268474 	1.410113 	-0.091517 	1.249181 	-1.743858 	-0.208217 	3.389356 	
1.099628 	1.029960 	0.011553 	1.058736 	1.514393 	0.377139 	0.914118 	-1.153499 	-0.051732 	0.860476 	1.072877 	0.319152 	2.266406 	
0.453265 	-0.105592 	0.013309 	0.524567 	-1.408010 	-0.023596 	0.413594 	-0.539526 	0.056432 	1.273937 	0.152684 	-0.208072 	1.259272 	
0.398747 	0.836921 	0.083913 	0.497531 	1.391323 	-0.208433 	1.165121 	-1.309683 	0.096802 	1.755830 	-0.997575 	0.209546 	2.589062 	
0.675482 	0.648431 	-0.037194 	0.971665 	1.719736 	-0.093173 	1.117251 	0.584459 	-0.088760 	1.202424 	0.259847 	-0.047872 	1.883811 	
0.981585 	-0.384735 	-0.010253 	1.268844 	0.171328 	0.069755 	1.441216 	0.273003 	0.012218 	1.226563 	-0.414793 	0.177541 	1.528028 	
0.529765 	-0.743937 	-0.048586 	0.769656 	-1.419976 	0.412716 	0.639247 	-0.569107 	-0.078880 	0.711209 	1.061169 	-0.041711 	3.332922 	
1.189084 	0.247890 	0.049292 	0.924109 	-0.134288 	0.445002 	0.533155 	0.696994 	-0.034522 	1.771578 	0.616246 	0.434685 	2.193293 	
1.363629 	-1.611836 	0.026551 	0.895606 	-1.153520 	0.145049 	1.275964 	1.376669 	-0.078797 	0.517527 	0.069812 	-0.036724 	3.128175 	
1.449114 	-0.058517 	-0.004567 	1.376330 	0.070907 	0.288184 	0.560240 	1.451386 	0.076533 	0.919854 	1.148668 	-0.146495 	3.310488 	
0.567853 	-1.489546 	-0.026423 	1.427445 	-1.560762 	0.110512 	0.703575 	-1.243009 	0.027446 	1.297170 	-0.255905 	0.366431 	2.032639 	
0.495744 	-0.510066 	-0.006426 	1.373810 	0.013685 	0.266807 	1.244664 	0.041338 	-0.084953 	1.135338 	-0.786611 	-0.001669 	3.106202 	

 NEW SIMPLEX 
0.937155 	0.653449 	0.012099 	1.939934 	-0.617332 	0.430612 	0.481223 	1.014328 	0.011429 	0.963183 	0.004397 	0.050174 	3.954858 	
0.607299 	-0.033355 	-0.069024 	1.396746 	0.556902 	0.056136 	1.306893 	-0.149241 	0.020443 	1.999237 	-0.901651 	-0.282643 	3.537889 	
1.196500 	0.615948 	-0.025759 	1.210940 	0.647844 	0.229547 	0.459831 	0.197859 	0.063639 	0.369262 	-1.493276 	0.157837 	1.896103 	
1.192161 	-0.844187 	0.006283 	1.328800 	1.582653 	0.082575 	0.611339 	-0.559107 	-0.080903 	1.357515 	-1.098711 	0.473008 	2.316305 	
0.725557 	-0.449029 	0.016936 	1.165023 	-0.997291 	0.385594 	0.817625 	1.585203 	-0.011083 	0.512055 	0.291976 	0.299342 	3.441616 	
0.344818 	-0.857586 	0.017888 	1.734594 	-1.482141 	0.263419 	0.380247 	1.554430 	-0.096152 	0.664340 	0.550787 	-0.395403 	3.549422 	
0.317438 	-0.369986 	-0.047074 	1.017026 	0.054592 	0.279355 	0.506227 	0.725976 	0.094211 	0.674874 	-0.451931 	0.091817 	3.235231 	
0.961030 	-0.808482 	0.085987 	0.564680 	-0.052181 	-0.177136 	0.670930 	1.041287 	0.054134 	1.755671 	-1.600601 	0.099600 	3.772068 	
0.452728 	-1.543114 	-0.036643 	1.449046 	1.469747 	0.443443 	0.337088 	0.100365 	-0.046222 	1.078638 	1.279815 	0.355786 	3.714915 	
1.242856 	0.908658 	0.049042 	0.620789 	0.548015 	0.287810 	0.998743 	-1.162291 	0.071991 	1.931170 	-1.438900 	-0.190011 	3.109160 	
0.910666 	-1.217031 	0.054496 	1.242314 	0.743147 	-0.275065 	1.169560 	-0.317375 	-0.081551 	0.735087 	-0.665237 	0.394761 	2.259599 	
0.457061 	-0.760730 	0.007018 	0.294284 	1.303335 	0.082393 	0.598791 	1.213172 	-0.025581 	1.644856 	1.521999 	0.248512 	3.942852 	
0.578714 	0.988813 	0.053139 	0.924204 	-0.243828 	0.102280 	0.794325 	0.100999 	-0.036389 	1.438117 	-1.000486 	-0.432951 	1.050023 	
1.185189 	0.143762 	-0.036145 	0.937186 	0.943057 	0.407086 	0.819470 	0.956538 	0.031209 	1.175653 	1.089023 	0.104019 	2.308098 	

 NEW SIMPLEX 
0.354777 	1.507688 	0.043279 	1.087786 	0.535449 	0.460119 	1.374850 	-1.612528 	0.087990 	1.701963 	-0.890852 	0.198611 	3.749346 	
0.803348 	-0.578551 	0.014830 	0.984138 	0.882223 	-0.462752 	0.263360 	-0.109859 	-0.094320 	1.553221 	-1.337585 	0.470428 	2.511496 	
0.383316 	1.446530 	-0.029724 	1.221461 	0.920026 	0.330881 	0.945523 	0.026876 	-0.049753 	1.115667 	0.156599 	0.351199 	2.770373 	
1.218638 	-0.348894 	-0.043632 	0.646626 	1.020457 	-0.227759 	0.823948 	-1.141543 	0.018692 	0.389356 	-0.129649 	0.193227 	1.546280 	
0.355545 	-0.709889 	0.072961 	1.431081 	-0.089302 	0.287187 	0.663499 	1.391508 	0.088231 	1.984811 	-1.645934 	0.037816 	3.293628 	
0.477309 	0.951271 	-0.089398 	1.695032 	0.173662 	0.209228 	0.430887 	0.872429 	-0.003808 	1.293060 	0.758840 	-0.096024 	3.651528 	
0.579754 	-1.571868 	0.009522 	1.123979 	-1.399025 	0.334111 	0.338680 	-1.528311 	0.044375 	1.102724 	-0.564995 	0.398188 	2.818272 	
0.420086 	-1.429731 	0.037179 	1.768251 	0.472581 	-0.222470 	1.035142 	-0.490108 	-0.006775 	0.622018 	-1.728555 	0.346193 	2.463360 	
0.974631 	0.185093 	0.057734 	1.677887 	1.712402 	-0.135447 	1.396812 	-0.486073 	-0.077838 	1.670582 	-0.188986 	0.034984 	2.985254 	
0.937325 	-1.611496 	-0.077446 	1.412952 	0.194818 	0.086892 	1.412455 	-1.537311 	-0.032243 	1.386111 	1.221676 	0.102034 	3.286206 	
1.027569 	1.136331 	-0.035430 	1.990693 	-0.157281 	0.490897 	1.396187 	1.148678 	0.062311 	1.839694 	-1.488978 	0.050687 	3.027398 	
0.752260 	-1.246735 	0.066889 	0.597889 	1.056352 	-0.324022 	0.283985 	0.887701 	0.074148 	1.191785 	0.061133 	-0.302486 	2.037642 	
0.344958 	-0.066007 	0.022395 	0.681190 	0.527687 	0.339868 	1.122296 	-0.907995 	-0.015479 	1.747308 	-1.043066 	0.472084 	3.848349 	
0.771584 	-0.743425 	0.091147 	1.293899 	-1.474328 	0.040434 	0.665636 	-0.935662 	0.030147 	1.851113 	1.266739 	0.477698 	2.770811 	

 NEW SIMPLEX 
0.861566 	0.530959 	-0.024761 	1.337855 	-1.535515 	0.106592 	1.258831 	-1.481341 	-0.043183 	1.050688 	0.005366 	0.348760 	3.088048 	
0.711558 	-1.463946 	-0.085683 	1.699055 	0.431728 	0.250875 	0.922018 	0.201232 	0.053779 	0.758719 	-1.225853 	0.019571 	3.398189 	
0.754890 	-1.660409 	-0.070766 	0.434599 	1.224755 	0.087192 	0.420686 	1.086230 	0.070083 	1.768578 	-1.033549 	0.375660 	3.310459 	
0.414967 	0.746421 	0.020312 	0.856542 	0.425641 	0.089421 	0.543229 	-0.906892 	0.025444 	1.979618 	1.257251 	-0.217831 	1.370012 	
1.427563 	-0.984038 	-0.068417 	0.960777 	0.079521 	0.429032 	0.634989 	0.090835 	-0.095628 	1.596926 	0.793511 	-0.006895 	3.144062 	
0.969011 	0.446875 	-0.085054 	1.339708 	0.709814 	0.455871 	0.432440 	1.237987 	0.044599 	0.988734 	0.190452 	0.241443 	3.826400 	
0.324724 	-0.372850 	-0.045258 	1.870958 	1.216426 	-0.492493 	0.702604 	-0.977071 	0.048402 	1.954131 	-1.092846 	0.376353 	2.148562 	
0.543475 	0.547285 	0.016618 	1.686409 	-1.096676 	-0.206105 	0.586501 	-1.321859 	0.096992 	1.806843 	-0.702762 	-0.479902 	3.870310 	
0.269254 	-0.785207 	-0.016023 	1.124635 	0.008831 	0.434781 	1.155609 	0.502107 	0.083009 	0.377951 	0.769920 	0.371603 	3.182965 	
0.813655 	-0.108625 	0.012140 	0.871497 	0.386432 	-0.199117 	1.338756 	0.200755 	-0.008312 	0.453208 	-1.250086 	0.099236 	2.963639 	
0.620401 	-0.248296 	0.009571 	0.612827 	-0.351220 	0.204830 	1.463200 	1.101796 	-0.063825 	1.638618 	0.713234 	0.091907 	3.361773 	
0.486194 	1.699214 	-0.008545 	1.241533 	-1.476937 	0.006734 	0.779486 	0.560084 	0.086837 	1.087471 	-1.712308 	-0.155539 	3.118687 	
1.225284 	1.209934 	0.059749 	1.970975 	-1.622319 	0.016178 	0.609339 	-0.303157 	0.021568 	1.766235 	-1.213418 	-0.202537 	2.412854 	
0.351407 	-0.485905 	0.041487 	1.285893 	-0.724659 	-0.490840 	0.442103 	1.584962 	-0.077406 	0.955162 	1.106865 	0.496347 	2.577076 	

 NEW SIMPLEX 
0.858490 	0.307203 	0.096112 	1.597943 	0.804972 	0.269901 	0.743564 	-1.141655 	-0.096665 	1.119740 	0.521408 	0.162029 	3.819855 	
0.808480 	-0.261021 	-0.043593 	1.886235 	0.614616 	-0.043036 	0.635425 	0.367353 	0.029866 	1.096559 	-1.113795 	0.235532 	1.774184 	
0.885636 	0.909382 	-0.068600 	1.075751 	1.731304 	-0.211492 	0.919078 	1.071704 	0.036067 	1.867632 	0.819744 	0.227499 	3.777691 	
1.272035 	-0.161744 	0.031837 	1.929344 	-0.589940 	-0.060065 	0.834986 	-0.915792 	0.043649 	1.329227 	-1.664460 	0.066774 	2.457997 	
1.243539 	0.076889 	-0.033475 	1.727813 	-1.378362 	0.074082 	1.420754 	1.342062 	-0.084708 	1.981882 	-0.964799 	0.266940 	2.458695 	
0.937695 	0.872563 	0.003469 	1.843843 	-1.300287 	-0.340234 	0.728215 	-1.213688 	-0.034055 	1.227360 	0.040699 	-0.283549 	3.611987 	
1.028094 	-0.127710 	-0.041130 	0.479117 	0.671931 	0.068636 	1.180973 	-0.337617 	-0.081584 	1.336932 	-0.796742 	0.376601 	1.196487 	
0.626558 	0.818304 	0.006971 	0.397176 	-0.619504 	0.139412 	1.381242 	-1.092000 	-0.004157 	0.422523 	1.227142 	0.066064 	3.640730 	
0.538110 	-0.233016 	0.007183 	1.191734 	1.240044 	0.251354 	1.386137 	0.815321 	0.098105 	1.732578 	0.579805 	-0.072997 	3.929917 	
0.532402 	-1.502767 	-0.040263 	1.050072 	1.511767 	-0.163617 	1.236949 	-1.233006 	0.098425 	1.047026 	1.707714 	-0.317679 	2.102202 	
0.463385 	0.253950 	-0.041024 	1.057876 	1.433225 	-0.390893 	0.424544 	-1.587794 	0.084562 	1.482761 	-0.540581 	-0.159825 	3.007574 	
0.534580 	-1.192406 	0.086573 	1.834993 	1.193856 	-0.087328 	0.387049 	-0.875737 	-0.070811 	1.116660 	-0.143692 	-0.378218 	1.860688 	
1.404225 	-1.514314 	-0.077497 	0.736047 	-1.166444 	-0.170242 	0.577649 	-0.893847 	0.062438 	1.190226 	1.227365 	0.007673 	3.523024 	
0.481020 	0.370686 	0.071551 	1.030135 	0.730025 	0.112905 	1.422839 	1.470414 	0.000949 	0.398565 	0.150599 	-0.246144 	1.752979 	

 NEW SIMPLEX 
1.381101 	0.782568 	-0.061693 	0.557662 	-1.339249 	0.117393 	0.825472 	-0.903563 	0.079450 	1.295955 	0.548604 	0.302767 	2.006619 	
0.572581 	1.739220 	-0.047714 	1.352507 	-1.028623 	-0.007578 	1.030777 	1.653542 	0.092229 	1.163382 	-0.419583 	-0.057967 	3.499144 	
0.993620 	-1.681683 	-0.075366 	0.938157 	-1.435157 	0.174312 	1.033656 	0.025738 	0.085248 	1.138936 	1.105969 	0.102017 	1.268797 	
0.620845 	0.234052 	0.047243 	0.884562 	0.022103 	-0.174316 	1.280047 	-0.041136 	0.020757 	1.483972 	-0.824282 	0.179298 	3.993004 	
0.356895 	-1.690619 	-0.026633 	0.316377 	0.188467 	0.041443 	1.477263 	-0.518205 	0.059113 	1.460306 	-1.587789 	0.059690 	1.519441 	
1.251268 	-1.016156 	0.058842 	1.455034 	-0.490789 	0.478848 	1.397782 	-1.256493 	-0.004891 	1.899063 	-1.731121 	-0.012002 	3.806267 	
1.162914 	-0.678627 	0.089716 	0.609800 	1.087756 	-0.132472 	0.582218 	0.384595 	-0.085052 	0.688848 	-1.048732 	0.336365 	1.482528 	
0.860761 	-1.461056 	-0.094820 	0.567960 	0.382085 	0.308928 	0.271994 	-1.521274 	-0.088595 	1.048646 	-0.884478 	0.470114 	3.201615 	
0.973156 	0.364276 	-0.054075 	1.958845 	0.947177 	0.006219 	0.707012 	-1.675961 	-0.090809 	0.709769 	-1.597090 	0.237444 	1.414284 	
0.546604 	0.684223 	-0.098639 	1.216177 	-0.652517 	0.169061 	0.259464 	0.448303 	-0.033986 	1.536789 	0.566455 	0.395686 	3.909144 	
0.823561 	1.182856 	-0.063997 	0.942988 	-0.043666 	0.213199 	1.363542 	-0.637813 	0.068581 	1.060241 	-1.481764 	0.058142 	2.585141 	
0.901420 	1.373713 	-0.091874 	1.895850 	-1.388293 	-0.004848 	1.235423 	-1.317641 	-0.080170 	1.333656 	1.263584 	0.048786 	2.718650 	
0.539493 	1.356698 	0.067435 	0.709918 	-0.711309 	-0.114421 	0.255354 	1.365756 	0.068180 	1.953049 	0.619034 	-0.154431 	1.769889 	
0.861122 	1.044690 	-0.028387 	0.723695 	-0.810551 	0.076736 	1.206805 	0.596194 	-0.002459 	1.303101 	1.368003 	0.261950 	2.292640 	

 NEW SIMPLEX 
1.098919 	0.936055 	-0.037848 	1.959393 	-0.068913 	0.402343 	1.347029 	0.671083 	0.054157 	1.983069 	-1.455582 	-0.336299 	1.642570 	
0.744394 	0.512624 	0.089720 	0.863466 	0.296432 	-0.175141 	0.752717 	1.510682 	-0.052427 	1.204195 	-1.248553 	-0.139897 	1.956287 	
0.297174 	-0.997701 	-0.081969 	0.930150 	-0.574433 	-0.048815 	0.431719 	-1.306146 	-0.048884 	1.117317 	-1.314887 	0.255481 	1.894389 	
1.356460 	0.432749 	0.093366 	1.793867 	-1.141645 	-0.092211 	1.225255 	-1.175848 	0.035896 	0.876098 	0.915682 	0.375579 	3.597880 	
0.373390 	-0.934520 	-0.015846 	1.927166 	-0.401663 	0.209883 	1.401716 	0.570445 	0.019622 	1.805213 	1.581038 	0.264621 	2.439869 	
0.420691 	-1.538687 	-0.063588 	1.787848 	0.395015 	0.082425 	1.311342 	-1.429487 	-0.056281 	1.238620 	-0.361849 	0.467708 	3.595756 	
0.383452 	-0.624851 	0.022802 	1.783527 	-1.307484 	-0.363470 	0.707765 	1.329648 	-0.058208 	0.900153 	1.191069 	0.321244 	1.698446 	
0.867717 	-1.436105 	0.018976 	1.886392 	-1.030873 	-0.000409 	0.755731 	-1.163293 	-0.013883 	1.848307 	0.537881 	-0.008344 	3.223984 	
1.223815 	-0.241671 	0.045698 	1.401335 	0.630191 	0.292785 	0.692494 	0.994194 	-0.033213 	0.303657 	-0.554574 	-0.064702 	2.480459 	
1.363653 	-1.086539 	0.055564 	1.834035 	0.302302 	0.244836 	0.562981 	0.796719 	0.098129 	1.405868 	1.634621 	-0.082495 	3.504142 	
0.288176 	-1.448438 	0.059464 	1.223162 	0.083043 	0.303058 	0.470205 	1.077244 	0.089593 	1.144367 	0.657476 	0.074712 	1.752702 	
0.849903 	1.040619 	0.098996 	1.997029 	-0.972487 	-0.422035 	0.789403 	1.458324 	-0.053430 	0.974851 	-0.132197 	-0.480756 	2.716133 	
1.012333 	-1.044274 	0.028470 	0.827942 	0.722205 	-0.323567 	0.751987 	-0.011382 	0.094476 	0.798846 	-0.399090 	0.025643 	3.447086 	
0.478653 	1.352158 	0.099555 	1.589047 	-1.231669 	0.046173 	1.054690 	-0.247244 	0.003215 	1.634241 	0.701159 	-0.396473 	3.136785 	

 NEW SIMPLEX 
0.324524 	1.127037 	-0.098190 	0.992285 	1.621628 	-0.070676 	1.330695 	-0.413993 	-0.014422 	0.702898 	-0.604889 	0.108758 	3.197578 	
1.102465 	-0.496500 	0.096969 	1.105760 	1.630057 	-0.038661 	1.067791 	-0.131400 	-0.026931 	1.761666 	0.863334 	0.242915 	2.675414 	
1.271934 	-0.110615 	-0.038445 	0.781379 	1.002496 	0.275489 	1.017325 	1.401732 	-0.046547 	1.511513 	-1.259700 	0.184638 	3.885138 	
1.074507 	-1.524744 	-0.077683 	0.738262 	0.592566 	0.095343 	0.495227 	0.032519 	0.028116 	0.891170 	-1.540029 	-0.168566 	2.171743 	
1.061239 	0.785038 	-0.035894 	1.747699 	-1.544500 	0.313571 	0.822827 	1.200038 	-0.008537 	1.729184 	0.891377 	0.344218 	3.964699 	
0.416464 	-1.258875 	-0.080954 	1.100856 	1.249121 	0.122966 	0.498411 	0.529874 	0.081087 	1.046427 	-1.512333 	-0.203549 	2.282741 	
1.254205 	-0.400696 	-0.045780 	0.901494 	-0.179948 	0.325718 	1.345113 	-0.681933 	-0.051840 	1.288732 	1.478290 	-0.076073 	3.359457 	
0.749072 	-1.718761 	0.013101 	1.319145 	-1.027643 	0.351537 	1.060295 	1.378963 	-0.084327 	1.264628 	0.471063 	0.111008 	2.393448 	
0.908595 	1.598085 	-0.000778 	1.311011 	0.709373 	-0.259841 	0.998501 	0.623283 	0.068469 	1.513524 	-0.791521 	-0.486740 	3.052142 	
1.034967 	-0.377087 	-0.005943 	1.495841 	-1.502541 	-0.162765 	1.020104 	1.360404 	0.003333 	1.458686 	-1.098121 	0.071970 	3.072628 	
0.382770 	-0.317901 	-0.091212 	1.925408 	-1.562119 	0.132969 	0.550354 	0.517347 	0.029160 	0.942815 	0.640548 	0.349781 	3.136317 	
0.674367 	-0.402393 	-0.075292 	1.342026 	-1.322654 	0.416318 	0.696493 	-0.155190 	-0.056934 	1.380671 	0.724625 	0.358221 	3.455972 	
0.626819 	0.016186 	-0.081925 	0.412040 	0.991031 	0.328563 	1.291640 	-0.659923 	0.073568 	1.975863 	-1.083652 	0.263466 	3.146379 	
1.122632 	0.407140 	0.019985 	0.809619 	-0.446793 	0.035525 	0.424041 	-0.396220 	0.049853 	1.273518 	0.014053 	0.030251 	2.521648 	

 NEW SIMPLEX 
1.498850 	-1.330798 	0.041378 	1.494834 	1.220785 	-0.275720 	0.306547 	-0.703419 	-0.032848 	1.628658 	0.794255 	-0.007076 	3.877448 	
0.951500 	-0.855992 	-0.042197 	1.935429 	-0.448968 	-0.006911 	0.543241 	1.585318 	0.007795 	0.915848 	1.313514 	0.082475 	2.261433 	
0.711146 	-0.866744 	0.051553 	0.824025 	1.147874 	0.120177 	0.351713 	0.871046 	-0.068374 	1.932567 	-1.031876 	-0.397746 	2.057938 	
1.055956 	-0.667566 	-0.042457 	0.713584 	1.388895 	-0.499654 	0.493533 	0.631884 	-0.069538 	1.350171 	0.363161 	0.380960 	1.870450 	
0.720340 	-0.704484 	-0.047341 	1.897235 	-1.711623 	0.386115 	1.286095 	-0.173901 	0.080595 	1.445481 	1.068211 	-0.174195 	2.387845 	
0.785316 	1.018871 	0.046620 	1.404943 	-0.761966 	-0.432837 	1.122354 	1.196565 	-0.036964 	0.581189 	1.188359 	0.338922 	3.936516 	
0.986884 	-0.810184 	-0.053487 	1.527674 	-0.645324 	0.395138 	0.395771 	-1.354788 	0.046154 	1.863902 	0.475932 	-0.379782 	3.943971 	
0.978733 	-0.391358 	-0.030015 	0.591745 	0.762676 	0.114817 	0.858921 	0.442040 	0.085292 	1.615798 	1.648264 	-0.472905 	2.257538 	
0.581601 	0.566729 	-0.081883 	1.696471 	-0.443667 	-0.256230 	0.255524 	-1.714367 	0.047395 	1.630944 	1.485266 	0.012368 	2.111961 	
1.162811 	0.763548 	0.055450 	0.641124 	-1.131462 	-0.098210 	1.389649 	0.800738 	0.059186 	0.628604 	-1.414857 	-0.138787 	2.300928 	
0.980087 	0.350871 	-0.047743 	0.460794 	0.070420 	0.402991 	0.492643 	-1.301323 	-0.082226 	0.878185 	-0.579936 	0.241489 	3.912415 	
0.575910 	-0.522631 	-0.094153 	0.776889 	-0.686488 	0.163293 	0.273318 	1.560639 	0.083389 	1.910382 	0.405521 	0.011502 	2.285140 	
0.278141 	0.895549 	0.082844 	1.663718 	1.536207 	0.182880 	0.392140 	1.201281 	0.085323 	1.391790 	1.458282 	0.183160 	2.775758 	
0.781574 	-0.749372 	-0.015649 	1.976566 	-0.496519 	-0.100418 	0.338422 	1.343697 	0.047721 	0.280668 	-0.971312 	-0.072319 	2.112228 	

 NEW SIMPLEX 
########## START NUMBER: 1 ##########
The parameter explored is 
[0.740284, -1.273808, 0.078762, 0.921510, -1.249124, -0.169065, 1.001228, 0.986174, -0.032897, 0.784975, 0.061226, -0.307711, 3.160141] 

The parameter explored is 
[0.517462, -0.884786, 0.000249, 1.146919, -1.353874, -0.225559, 0.857453, -0.014238, -0.007243, 1.071254, 0.027301, -0.223134, 3.139422] 

The parameter explored is 
[0.962892, -1.376545, 0.084797, 1.001767, -0.962982, -0.144320, 0.815604, 0.049267, -0.053291, 0.996152, 0.602114, -0.005337, 2.973325] 


The simplex stopped after 10 print_iterations 

Parameter 1 = 0.962892, 	
Parameter 2 = -1.376545, 	
Parameter 3 = 0.084797, 	
Parameter 4 = 1.001767, 	
Parameter 5 = -0.962982, 	
Parameter 6 = -0.144320, 	
Parameter 7 = 0.815604, 	
Parameter 8 = 0.049267, 	
Parameter 9 = -0.053291, 	
Parameter 10 = 0.996152, 	
Parameter 11 = 0.602114, 	
Parameter 12 = -0.005337, 	
Parameter 13 = 2.973325, 	
The actuator ranges are: 2.410675 	3.616013 	
The evaluation at this point is -2.875806e+04 
The mean iteration time is 13.64 seconds
The total print_iterations performed are 22 

Best point yet is: 0.962892 	-1.376545 	0.084797 	1.001767 	-0.962982 	-0.144320 	0.815604 	0.049267 	-0.053291 	0.996152 	0.602114 	-0.005337 	2.973325 	
The actuator range is: 2.410675 	3.616013 	
########## START NUMBER: 2 ##########
The parameter explored is 
[0.675482, 0.648431, -0.037194, 0.971665, 1.719736, -0.093173, 1.117251, 0.584459, -0.088760, 1.202424, 0.259847, -0.047872, 1.883811] 


The simplex stopped after 10 print_iterations 

Parameter 1 = 0.675482, 	
Parameter 2 = 0.648431, 	
Parameter 3 = -0.037194, 	
Parameter 4 = 0.971665, 	
Parameter 5 = 1.719736, 	
Parameter 6 = -0.093173, 	
Parameter 7 = 1.117251, 	
Parameter 8 = 0.584459, 	
Parameter 9 = -0.088760, 	
Parameter 10 = 1.202424, 	
Parameter 11 = 0.259847, 	
Parameter 12 = -0.047872, 	
Parameter 13 = 1.883811, 	
The actuator ranges are: 1.696777 	2.545166 	
The evaluation at this point is -2.332553e+04 
The mean iteration time is 12.78 seconds
The total print_iterations performed are 12 

Best point yet is: 0.962892 	-1.376545 	0.084797 	1.001767 	-0.962982 	-0.144320 	0.815604 	0.049267 	-0.053291 	0.996152 	0.602114 	-0.005337 	2.973325 	
The actuator range is: 2.410675 	3.616013 	
########## START NUMBER: 3 ##########
The parameter explored is 
[0.607299, -0.033355, -0.069024, 1.396746, 0.556902, 0.056136, 1.306893, -0.149241, 0.020443, 1.999237, -0.901651, -0.282643, 3.537889] 

The parameter explored is 
[0.758983, -0.625193, -0.007264, 1.319530, 0.650024, -0.109465, 1.238226, -0.233308, -0.030554, 1.367162, -0.783444, 0.056059, 2.898744] 


The simplex stopped after 10 print_iterations 

Parameter 1 = 0.758983, 	
Parameter 2 = -0.625193, 	
Parameter 3 = -0.007264, 	
Parameter 4 = 1.319530, 	
Parameter 5 = 0.650024, 	
Parameter 6 = -0.109465, 	
Parameter 7 = 1.238226, 	
Parameter 8 = -0.233308, 	
Parameter 9 = -0.030554, 	
Parameter 10 = 1.367162, 	
Parameter 11 = -0.783444, 	
Parameter 12 = 0.056059, 	
Parameter 13 = 2.898744, 	
The actuator ranges are: 2.459570 	3.689354 	
The evaluation at this point is -2.547712e+04 
The mean iteration time is 14.30 seconds
The total print_iterations performed are 13 

Best point yet is: 0.962892 	-1.376545 	0.084797 	1.001767 	-0.962982 	-0.144320 	0.815604 	0.049267 	-0.053291 	0.996152 	0.602114 	-0.005337 	2.973325 	
The actuator range is: 2.410675 	3.616013 	
########## START NUMBER: 4 ##########
The parameter explored is 
[0.355545, -0.709889, 0.072961, 1.431081, -0.089302, 0.287187, 0.663499, 1.391508, 0.088231, 1.984811, -1.645934, 0.037816, 3.293628] 

The parameter explored is 
[0.691557, 0.213221, 0.018766, 1.710887, -0.123292, 0.389042, 1.029843, 1.270093, 0.075271, 1.912253, -1.567456, 0.044252, 3.160513] 

The parameter explored is 
[0.523551, -0.248334, 0.045863, 1.570984, -0.106297, 0.338114, 0.846671, 1.330800, 0.081751, 1.948532, -1.606695, 0.041034, 3.227071] 


The simplex stopped after 10 print_iterations 

Parameter 1 = 0.537739, 	
Parameter 2 = -0.443507, 	
Parameter 3 = 0.052931, 	
Parameter 4 = 1.494194, 	
Parameter 5 = -0.221576, 	
Parameter 6 = 0.250230, 	
Parameter 7 = 0.778254, 	
Parameter 8 = 1.380155, 	
Parameter 9 = 0.089282, 	
Parameter 10 = 1.827317, 	
Parameter 11 = -1.745329, 	
Parameter 12 = 0.132704, 	
Parameter 13 = 2.989140, 	
The actuator ranges are: 2.766022 	4.149033 	
The evaluation at this point is -2.579409e+04 
The mean iteration time is 14.69 seconds
The total print_iterations performed are 20 

Best point yet is: 0.962892 	-1.376545 	0.084797 	1.001767 	-0.962982 	-0.144320 	0.815604 	0.049267 	-0.053291 	0.996152 	0.602114 	-0.005337 	2.973325 	
The actuator range is: 2.410675 	3.616013 	
########## START NUMBER: 5 ##########
The parameter explored is 
[0.351407, -0.485905, 0.041487, 1.285893, -0.724659, -0.490840, 0.442103, 1.584962, -0.077406, 0.955162, 1.106865, 0.496347, 2.577076] 

The parameter explored is 
[0.485904, -0.367101, 0.025529, 0.949360, -0.537940, -0.143005, 0.952652, 1.343379, -0.070615, 1.296890, 0.910049, 0.294127, 2.969424] 

The parameter explored is 
[0.458130, -0.251715, -0.005078, 1.470411, -0.764054, -0.077241, 0.317137, 0.797866, -0.015265, 1.614798, 1.013542, 0.295397, 2.792057] 


The simplex stopped after 10 print_iterations 

Parameter 1 = 0.390954, 	
Parameter 2 = 0.033985, 	
Parameter 3 = 0.051129, 	
Parameter 4 = 1.252761, 	
Parameter 5 = -0.599000, 	
Parameter 6 = -0.230236, 	
Parameter 7 = 0.342775, 	
Parameter 8 = 1.483593, 	
Parameter 9 = -0.017076, 	
Parameter 10 = 1.500244, 	
Parameter 11 = 1.036136, 	
Parameter 12 = 0.046467, 	
Parameter 13 = 2.534539, 	
The actuator ranges are: 2.160078 	3.240116 	
The evaluation at this point is -2.603427e+04 
The mean iteration time is 14.91 seconds
The total print_iterations performed are 19 

Best point yet is: 0.962892 	-1.376545 	0.084797 	1.001767 	-0.962982 	-0.144320 	0.815604 	0.049267 	-0.053291 	0.996152 	0.602114 	-0.005337 	2.973325 	
The actuator range is: 2.410675 	3.616013 	
########## START NUMBER: 6 ##########
The parameter explored is 
[0.463385, 0.253950, -0.041024, 1.057876, 1.433225, -0.390893, 0.424544, -1.587794, 0.084562, 1.482761, -0.540581, -0.159825, 3.007574] 

The parameter explored is 
[0.867710, 0.046103, -0.004594, 1.493610, 0.421643, -0.225479, 0.629765, -1.251793, 0.064105, 1.405994, -1.102520, -0.046525, 2.732785] 


The simplex stopped after 10 print_iterations 

Parameter 1 = 0.867710, 	
Parameter 2 = 0.046103, 	
Parameter 3 = -0.004594, 	
Parameter 4 = 1.493610, 	
Parameter 5 = 0.421643, 	
Parameter 6 = -0.225479, 	
Parameter 7 = 0.629765, 	
Parameter 8 = -1.251793, 	
Parameter 9 = 0.064105, 	
Parameter 10 = 1.405994, 	
Parameter 11 = -1.102520, 	
Parameter 12 = -0.046525, 	
Parameter 13 = 2.732785, 	
The actuator ranges are: 2.183247 	3.274870 	
The evaluation at this point is -2.713200e+04 
The mean iteration time is 14.02 seconds
The total print_iterations performed are 13 

Best point yet is: 0.962892 	-1.376545 	0.084797 	1.001767 	-0.962982 	-0.144320 	0.815604 	0.049267 	-0.053291 	0.996152 	0.602114 	-0.005337 	2.973325 	
The actuator range is: 2.410675 	3.616013 	
########## START NUMBER: 7 ##########
The parameter explored is 
[0.823561, 1.182856, -0.063997, 0.942988, -0.043666, 0.213199, 1.363542, -0.637813, 0.068581, 1.060241, -1.481764, 0.058142, 2.585141] 

The parameter explored is 
[0.823561, 1.182856, -0.063997, 0.942988, -0.043666, 0.213199, 1.363542, -0.637813, 0.068581, 1.060241, -1.481764, 0.058142, 2.585141] 

The parameter explored is 
[0.526171, 0.311805, -0.025635, 1.236653, 0.345229, 0.127527, 1.199907, -0.059001, -0.004808, 1.172894, -1.373015, 0.025772, 2.863149] 


The simplex stopped after 10 print_iterations 

Parameter 1 = 0.641052, 	
Parameter 2 = -0.241220, 	
Parameter 3 = -0.094780, 	
Parameter 4 = 1.231962, 	
Parameter 5 = -0.056925, 	
Parameter 6 = 0.335220, 	
Parameter 7 = 1.500000, 	
Parameter 8 = -1.494511, 	
Parameter 9 = 0.057483, 	
Parameter 10 = 1.286184, 	
Parameter 11 = -1.697293, 	
Parameter 12 = 0.042331, 	
Parameter 13 = 3.217978, 	
The actuator ranges are: 2.771217 	4.156825 	
The evaluation at this point is -2.703855e+04 
The mean iteration time is 16.52 seconds
The total print_iterations performed are 21 

Best point yet is: 0.962892 	-1.376545 	0.084797 	1.001767 	-0.962982 	-0.144320 	0.815604 	0.049267 	-0.053291 	0.996152 	0.602114 	-0.005337 	2.973325 	
The actuator range is: 2.410675 	3.616013 	
########## START NUMBER: 8 ##########
The parameter explored is 
[0.744394, 0.512624, 0.089720, 0.863466, 0.296432, -0.175141, 0.752717, 1.510682, -0.052427, 1.204195, -1.248553, -0.139897, 1.956287] 


The simplex stopped after 10 print_iterations 

Parameter 1 = 0.744394, 	
Parameter 2 = 0.512624, 	
Parameter 3 = 0.089720, 	
Parameter 4 = 0.863466, 	
Parameter 5 = 0.296432, 	
Parameter 6 = -0.175141, 	
Parameter 7 = 0.752717, 	
Parameter 8 = 1.510682, 	
Parameter 9 = -0.052427, 	
Parameter 10 = 1.204195, 	
Parameter 11 = -1.248553, 	
Parameter 12 = -0.139897, 	
Parameter 13 = 1.956287, 	
The actuator ranges are: 1.833909 	2.750864 	
The evaluation at this point is -2.553614e+04 
The mean iteration time is 12.68 seconds
The total print_iterations performed are 12 

Best point yet is: 0.962892 	-1.376545 	0.084797 	1.001767 	-0.962982 	-0.144320 	0.815604 	0.049267 	-0.053291 	0.996152 	0.602114 	-0.005337 	2.973325 	
The actuator range is: 2.410675 	3.616013 	
########## START NUMBER: 9 ##########
The parameter explored is 
[0.749072, -1.718761, 0.013101, 1.319145, -1.027643, 0.351537, 1.060295, 1.378963, -0.084327, 1.264628, 0.471063, 0.111008, 2.393448] 

The parameter explored is 
[0.713564, -0.952090, 0.012925, 1.391122, -0.933585, 0.307921, 1.137707, 1.201976, -0.069662, 1.412222, 0.689577, 0.175354, 2.795086] 


The simplex stopped after 10 print_iterations 

Parameter 1 = 0.713564, 	
Parameter 2 = -0.952090, 	
Parameter 3 = 0.012925, 	
Parameter 4 = 1.391122, 	
Parameter 5 = -0.933585, 	
Parameter 6 = 0.307921, 	
Parameter 7 = 1.137707, 	
Parameter 8 = 1.201976, 	
Parameter 9 = -0.069662, 	
Parameter 10 = 1.412222, 	
Parameter 11 = 0.689577, 	
Parameter 12 = 0.175354, 	
Parameter 13 = 2.795086, 	
The actuator ranges are: 2.494949 	3.742423 	
The evaluation at this point is -2.717565e+04 
The mean iteration time is 15.13 seconds
The total print_iterations performed are 18 

Best point yet is: 0.962892 	-1.376545 	0.084797 	1.001767 	-0.962982 	-0.144320 	0.815604 	0.049267 	-0.053291 	0.996152 	0.602114 	-0.005337 	2.973325 	
The actuator range is: 2.410675 	3.616013 	
########## START NUMBER: 10 ##########
The parameter explored is 
[0.986884, -0.810184, -0.053487, 1.527674, -0.645324, 0.395138, 0.395771, -1.354788, 0.046154, 1.863902, 0.475932, -0.379782, 3.943971] 

The parameter explored is 
[0.784243, -0.121728, -0.067685, 1.612073, -0.544495, 0.069454, 0.325648, -1.534577, 0.046775, 1.747423, 0.980599, -0.183707, 3.027966] 


The simplex stopped after 10 print_iterations 

Parameter 1 = 0.784243, 	
Parameter 2 = -0.121728, 	
Parameter 3 = -0.067685, 	
Parameter 4 = 1.612073, 	
Parameter 5 = -0.544495, 	
Parameter 6 = 0.069454, 	
Parameter 7 = 0.325648, 	
Parameter 8 = -1.534577, 	
Parameter 9 = 0.046775, 	
Parameter 10 = 1.747423, 	
Parameter 11 = 0.980599, 	
Parameter 12 = -0.183707, 	
Parameter 13 = 3.027966, 	
The actuator ranges are: 2.612291 	3.918436 	
The evaluation at this point is -2.668758e+04 
The mean iteration time is 13.51 seconds
The total print_iterations performed are 13 

Best point yet is: 0.962892 	-1.376545 	0.084797 	1.001767 	-0.962982 	-0.144320 	0.815604 	0.049267 	-0.053291 	0.996152 	0.602114 	-0.005337 	2.973325 	
The actuator range is: 2.410675 	3.616013 	
